         0         0    0.5020
         0         0    0.6284
         0         0    0.6917
         0         0    0.7549
         0         0    0.8814
         0         0    0.9447
         0    0.0057    1.0000
         0    0.0964    1.0000
         0    0.1417    1.0000
         0    0.1871    1.0000
         0    0.2778    1.0000
         0    0.3231    1.0000
         0    0.3685    1.0000
         0    0.4592    1.0000
         0    0.5499    1.0000
         0    0.6406    1.0000
         0    0.7313    1.0000
         0    0.8220    1.0000
         0    0.9127    1.0000
    1.0000    1.0000    1.0000
    1.0000    1.0000    1.0000
    1.0000    0.9127         0
    1.0000    0.8673         0
    1.0000    0.8220         0
    1.0000    0.7313         0
    1.0000    0.6859         0
    1.0000    0.6406         0
    1.0000    0.5499         0
    1.0000    0.5045         0
    1.0000    0.4592         0
    1.0000    0.3685         0
    1.0000    0.3231         0
    1.0000    0.2778         0
    1.0000    0.1871         0
    1.0000    0.0964         0
    1.0000    0.0057         0
    0.8814         0         0
    0.7549         0         0
    0.6284         0         0
    0.5020         0         0
